0.00391504
0.00475515
-0.0210046
-0.00957491
-0.000600579
-0.00595978
-0.00529379
0.0107597
-0.00553873
-0.00972861
-0.00723014
-0.0142298
-0.0224766
-0.00550814
-0.00748552
0.00514263
0.00327269
0.00288894
-0.0196269
-0.00711729
0.00475138
-0.000586097
-0.00321386
-0.00117621
0.00529468
0.00406556
0.0117493
0.00031201
-0.00423256
0.00467246
0.0178769
-0.0166127
0.000815744
-0.00792168
-0.00615049
-0.00927238
-0.0166742
-0.0132196
-0.00777694
0.0292107
0.00926208
0.00732831
-0.00909381
-0.00648971
0.014696
0.0102365
0.00357977
0.00839686
-0.00759735
-0.00536431
0.0054344
0.00643486
0.0037249
0.0028811
-0.0124022
-0.0200198
-0.0120559
0.0131447
-0.0194044
-0.011417
0.00676969
-0.00315527
-0.00148391
-0.0105057
0.00541747
-0.0175147
0.000144379
0.0072715
0.00202926
-0.00948168
0.00848736
0.0235267
0.00233613
0.0109999
0.00473575
0.0105989
-0.0171188
0.0129587
0.00896737
0.00677708
0.00207312
0.00745388
-0.00105692
-0.00979743
0.0161603
0.00366415
-0.0129971
-0.00806257
-0.00770252
-0.00525123
-0.00512942
0.00386321
-0.000631912
0.018835
-0.0074435
0.0131957
0.0104627
0.00521072
-0.00678759
0.00902959
-0.000832584
-0.00784723
0.00862743
-0.0129114
-0.000823232
0.00602714
-0.0132981
-0.00213466
-0.0186805
-0.00241728
-0.000672223
-0.0103946
-0.00593316
-0.0336498
-0.00292646
0.00949357
0.0197317
0.00257579
0.0149709
0.00683064
