0 35 20 199 186
0 0 0 223 223
0 66 68 81 86
0 67 70 82 90
0 77 73 92 92
0 62 65 84 86
0 75 75 92 95
0 76 65 94 85
0 65 73 85 94
0 143 64 161 86
0 127 64 143 86
0 78 82 94 110
0 93 64 112 84
0 75 71 94 100
0 75 87 96 113
0 64 68 85 98
0 57 63 87 85
0 95 73 113 96
0 113 72 130 97
0 72 63 97 84
0 76 61 96 88
0 143 0 166 24
0 96 70 112 93
0 15 7 181 205
0 115 66 131 87
0 0 86 223 223
0 60 74 87 95
0 30 13 179 157
0 125 71 141 93
0 139 62 165 84
0 51 63 67 86
0 94 69 114 101
0 152 0 174 25
0 65 89 84 111
0 0 0 223 144
0 89 62 114 84
0 60 11 208 158
0 92 60 113 88
0 125 62 148 85
0 48 95 65 115
0 158 64 174 81
0 125 67 142 99
0 93 86 114 115
0 85 21 201 189
0 51 77 67 98
0 0 0 153 223
0 110 81 130 119
0 53 58 90 114
0 48 53 93 94
0 58 0 223 208
0 24 28 166 180
0 113 80 128 109
0 96 83 112 112
0 143 74 160 90
0 27 55 210 203
0 38 56 216 149
0 110 63 133 85
0 0 34 223 184
0 113 62 131 90
0 64 84 84 116
0 64 52 104 93
0 68 61 100 85
0 51 62 90 86
0 40 72 211 163
0 49 59 67 90
0 69 76 102 129
0 66 64 103 107
0 134 0 173 28
0 49 71 66 103
0 146 0 184 29
0 79 54 98 69
0 59 91 86 113
0 48 62 71 84
0 78 81 96 121
0 68 74 100 98
0 123 72 146 94
0 47 89 65 119
0 45 104 64 124
0 202 46 223 61
0 64 66 81 104
0 0 106 165 223
0 32 33 214 117
0 78 69 95 105
0 51 47 181 129
0 155 15 174 30
0 151 1 172 17
0 52 74 91 97
0 54 108 223 223
0 155 63 179 81
0 136 60 170 85
0 143 69 161 97
0 111 69 129 109
0 158 60 175 85
0 90 34 223 223
0 27 45 207 134
0 72 59 100 117
0 0 0 169 126
0 50 42 123 137
0 62 55 84 71
0 54 0 223 126
0 0 146 223 223
0 45 58 173 142
0 88 61 120 114
0 50 36 183 111
0 104 75 135 131
0 88 76 120 130
0 43 44 96 136
0 106 61 136 115
0 0 0 223 72
0 106 87 132 114
0 61 68 110 104
0 83 52 120 91
0 53 73 89 130
0 49 77 71 97
0 45 101 65 132
0 45 57 71 120
0 139 75 165 92
0 140 10 161 32
0 54 47 88 100
0 54 53 117 91
0 196 33 223 49
0 131 53 173 91
0 80 59 95 91
0 205 127 223 143
0 187 33 215 49
0 130 4 148 23
0 136 0 197 27
0 94 80 113 124
0 63 41 141 138
0 69 2 169 192
0 42 51 75 97
0 64 60 80 91
0 44 40 137 106
0 46 65 95 104
0 193 45 223 63
0 74 50 102 67
0 121 0 182 27
0 39 52 106 152
0 57 54 86 125
0 188 45 214 63
0 0 54 170 223
0 145 0 160 25
0 78 51 157 154
0 44 49 139 124
0 31 0 206 109
0 44 88 215 175
0 158 77 175 92
0 68 88 103 115
0 180 0 220 30
0 88 73 118 98
0 65 79 80 121
0 152 15 179 32
0 77 102 99 126
0 30 22 132 169
0 47 50 66 70
0 43 46 186 97
0 78 47 99 73
0 107 69 134 142
0 62 83 110 121
0 52 91 89 115
0 33 22 216 96
0 40 47 109 128
0 44 6 140 193
0 204 14 223 35
0 42 71 70 135
0 119 53 156 92
0 120 60 151 114
0 125 89 142 111
0 134 16 169 33
0 58 55 111 152
0 77 96 99 132
0 162 0 202 31
0 56 51 88 70
0 127 207 147 223
0 194 0 223 31
0 128 15 148 35
0 118 28 158 43
0 43 63 76 111
0 42 62 184 113
0 43 62 141 138
0 18 0 151 167
0 63 63 143 168
0 94 40 173 141
0 42 106 68 126
0 190 35 223 73
0 155 8 176 32
0 132 0 223 167
0 46 40 96 78
0 50 64 126 167
0 0 65 96 223
0 44 43 71 104
0 131 28 171 44
0 73 69 100 140
0 204 79 223 95
0 103 53 139 93
0 170 0 192 23
0 171 17 192 34
0 145 4 189 37
0 62 103 82 124
0 122 18 156 35
1 0 0 221 223
1 0 69 223 223
1 0 138 223 223
1 67 0 223 223
1 0 0 151 223
1 18 0 193 191
1 0 0 223 91
1 6 0 218 138
1 0 164 223 223
1 26 102 223 223
1 86 95 223 223
1 0 34 223 179
1 0 0 223 55
1 0 102 167 223
1 21 43 189 214
1 0 194 179 223
1 129 146 210 219
1 52 126 223 223
1 0 184 194 218
1 0 61 135 223
1 90 0 223 132
1 93 0 114 23
1 125 60 223 223
1 0 0 138 133
1 79 0 100 22
1 0 0 174 157
1 7 3 212 42
1 0 0 96 223
1 27 0 189 118
1 41 29 213 205
1 107 149 221 216
1 7 0 208 27
1 199 0 223 57
1 132 0 223 170
1 38 196 223 223
1 202 0 223 84
1 145 148 223 223
1 58 179 223 223
1 0 113 223 198
1 83 0 122 32
1 85 158 223 223
1 118 108 223 223
1 44 0 163 192
1 0 86 190 154
1 0 155 119 223
1 0 147 77 223
1 60 149 208 223
1 152 0 223 223
1 0 57 124 180
1 28 201 143 223
1 149 86 223 217
1 0 101 188 169
1 66 0 141 171
1 69 0 107 31
1 88 0 116 15
1 87 0 121 50
1 143 129 221 212
1 196 0 223 115
1 59 114 223 187
1 98 0 205 178
1 75 0 102 15
1 51 0 125 171
1 85 0 120 22
1 27 150 176 223
1 93 8 114 33
1 166 127 223 223
1 0 71 191 138
1 0 34 223 112
1 109 0 130 22
1 0 117 182 186
1 72 0 106 21
1 197 7 223 71
1 199 21 223 88
1 82 0 158 171
1 107 73 223 196
1 93 2 115 38
1 101 125 200 223
1 19 186 152 223
1 0 0 126 181
1 31 17 146 218
1 0 90 122 211
1 33 118 170 223
1 115 0 218 211
1 181 0 223 149
1 207 0 223 54
1 203 0 223 23
1 47 21 223 88
1 0 49 223 128
1 0 127 55 223
1 75 0 129 27
1 93 62 176 223
1 55 161 220 209
1 207 7 223 38
1 109 71 192 223
1 77 0 192 194
1 0 98 223 181
1 63 0 84 21
1 77 62 159 223
1 52 100 223 170
1 0 73 99 195
1 0 133 176 204
1 203 3 223 44
1 0 50 78 188
1 45 6 223 73
1 175 78 223 223
1 79 8 99 33
1 44 37 223 104
1 36 0 173 54
1 137 43 163 68
1 0 26 122 149
1 35 0 108 170
1 0 41 98 165
1 0 165 195 206
1 96 0 112 46
1 72 0 106 51
1 45 53 223 120
1 69 123 168 223
1 0 120 88 223
1 91 0 117 64
1 60 0 114 27
1 51 0 155 21
1 10 18 211 59
1 128 33 174 79
1 196 121 223 182
1 0 45 157 192
1 121 135 217 210
1 123 195 223 223
1 44 85 223 152
1 22 190 149 211
1 0 20 74 211
1 195 0 223 34
1 56 0 151 102
1 149 50 223 191
1 98 0 175 168
1 107 24 223 147
1 107 0 223 98
1 0 81 48 223
1 40 79 197 223
1 156 0 223 107
1 43 69 223 136
1 0 5 188 72
1 150 3 223 139
1 177 112 223 191
1 60 65 143 223
1 165 103 223 202
1 43 67 128 223
1 98 0 138 31
1 89 0 119 38
1 78 3 100 38
1 90 35 223 203
1 207 8 223 71
1 48 198 126 223
1 0 82 78 220
1 36 126 137 223
1 44 7 223 169
1 32 130 223 203
1 152 182 223 223
1 89 203 208 223
1 176 176 223 223
1 83 0 124 90
1 149 0 223 78
1 0 21 190 88
1 195 30 223 82
1 107 0 223 67
1 48 184 185 223
1 0 107 20 131
1 201 107 223 193
1 45 43 69 66
1 56 0 90 21
1 40 0 134 100
1 203 36 223 76
1 155 117 223 185
1 19 0 93 166
1 24 0 121 223
1 170 0 223 175
1 196 41 223 101
1 53 0 92 30
1 185 3 223 106
1 131 162 206 206
1 179 0 223 219
1 189 101 223 201
1 191 193 223 223
1 60 18 177 219
1 121 181 223 219
1 6 0 105 148
1 62 0 177 161
1 207 126 223 145
1 0 125 20 147
1 169 32 223 209
1 109 9 130 33
1 0 0 124 66
1 0 101 108 139
1 181 115 223 218
1 76 0 102 65
1 67 0 109 91
1 193 64 223 112
1 102 0 138 51
1 0 0 124 97
1 201 108 223 131
1 202 138 223 166
2 45 59 169 223
2 1 0 109 106
2 62 48 192 223
2 13 0 94 95
2 21 94 189 219
2 99 0 178 83
2 94 0 186 146
2 0 0 93 137
2 0 55 87 219
2 110 0 176 113
2 157 25 223 223
2 9 44 146 223
2 0 31 195 223
2 42 81 210 214
2 70 35 162 223
2 0 78 118 217
2 85 27 211 222
2 126 28 223 223
2 5 1 165 103
2 65 2 182 129
2 0 0 132 127
2 86 22 185 198
2 28 0 101 87
2 53 41 183 188
2 0 15 88 191
2 0 3 61 102
2 6 66 179 212
2 3 28 103 221
2 0 0 114 182
2 79 81 157 210
2 0 86 62 209
2 72 11 175 180
2 76 5 177 76
2 60 110 193 223
2 128 0 170 56
2 103 0 172 65
2 10 0 100 68
2 44 1 189 102
2 28 57 200 200
2 0 74 223 223
2 62 0 80 41
2 111 0 130 22
2 0 16 51 117
2 35 7 170 129
2 23 5 146 79
2 85 1 185 103
2 0 76 78 200
2 0 58 30 114
2 96 1 199 180
2 100 38 223 202
2 53 0 91 57
2 86 0 121 23
2 0 125 223 223
2 158 0 179 34
2 115 27 178 142
2 46 4 125 81
2 62 0 83 26
2 0 14 63 221
2 43 33 223 223
2 29 23 175 164
2 9 0 73 103
2 0 41 179 186
2 70 10 138 78
2 63 1 80 31
2 0 32 60 109
2 161 0 183 26
2 0 105 54 220
2 88 65 151 223
2 7 113 144 223
2 5 0 128 83
2 118 10 207 185
2 78 16 128 68
2 114 0 163 50
2 47 29 137 223
2 72 0 97 24
2 107 3 189 211
2 6 9 194 123
2 0 99 76 222
2 171 37 223 205
2 65 9 183 90
2 0 2 201 84
2 0 45 29 103
2 104 20 217 163
2 0 15 141 159
2 0 160 223 223
2 54 64 97 106
2 12 23 95 111
2 109 1 187 57
2 1 48 38 102
2 98 88 223 223
2 0 65 26 108
2 84 1 182 59
2 0 5 223 201
2 78 93 159 181
2 16 0 114 140
2 15 17 122 204
2 14 2 158 189
2 76 0 130 25
2 60 53 223 194
2 0 93 64 178
2 63 63 103 106
2 99 48 171 159
2 3 0 82 84
2 99 24 178 112
2 0 54 24 93
2 1 108 223 192
2 125 3 144 41
2 57 4 90 79
2 61 65 89 104
2 0 91 162 206
2 0 29 28 87
2 153 0 183 52
2 0 43 22 73
2 85 85 180 223
2 69 0 104 23
2 120 0 176 72
2 0 0 66 165
2 30 125 178 223
2 81 52 161 163
2 97 62 199 223
2 43 8 162 77
2 122 0 177 47
2 0 65 48 109
2 0 116 100 223
2 75 0 93 27
2 128 34 145 60
2 32 11 104 115
2 74 54 168 120
2 70 64 96 105
2 0 0 64 66
2 74 3 93 35
2 108 2 130 17
2 77 9 128 95
2 11 55 101 114
2 0 52 57 117
2 70 0 99 18
2 32 59 47 88
2 67 93 146 221
2 100 47 173 127
2 30 67 46 97
2 53 16 159 183
2 37 0 132 62
2 0 36 55 131
2 14 102 90 221
2 121 0 141 22
2 43 0 96 76
2 0 29 47 174
2 1 17 18 35
2 0 30 40 87
2 0 31 105 106
2 0 48 57 158
2 119 1 144 17
2 41 84 139 223
2 80 6 130 46
2 0 52 50 96
2 52 148 182 219
2 0 31 20 50
2 82 0 163 88
2 37 0 80 58
2 109 1 131 34
2 0 84 62 161
2 70 0 137 63
2 28 166 153 223
2 0 66 52 175
2 77 118 162 212
2 133 0 169 23
2 0 20 73 90
2 28 30 112 223
2 67 0 104 56
2 119 0 154 58
2 108 4 130 28
2 142 9 223 177
2 0 0 223 108
2 0 0 178 64
2 26 2 85 105
2 27 177 190 221
2 80 72 133 223
2 32 0 178 223
2 51 5 69 40
2 99 0 136 53
2 138 2 161 47
2 121 47 177 156
2 123 30 178 181
2 60 0 83 17
2 62 66 83 98
2 71 7 102 74
2 94 60 171 182
2 79 142 161 223
2 117 59 158 115
2 135 1 168 17
2 109 185 125 213
2 101 1 212 124
2 62 0 114 27
2 109 36 167 138
2 97 185 115 217
2 52 24 209 152
2 166 24 223 163
2 51 0 72 23
2 142 50 223 211
2 51 13 170 67
3 0 16 125 208
3 110 60 221 223
3 7 21 223 223
3 86 48 223 204
3 2 60 141 223
3 0 6 171 223
3 63 75 223 216
3 0 4 96 193
3 144 58 223 223
3 0 83 223 223
3 130 39 223 207
3 0 5 137 164
3 0 42 153 191
3 19 54 174 210
3 29 48 223 199
3 41 105 223 223
3 115 0 189 27
3 25 172 157 223
3 15 110 161 223
3 72 19 223 223
3 23 28 132 220
3 0 43 100 223
3 0 165 223 223
3 87 18 223 171
3 122 105 223 223
3 46 60 197 208
3 129 81 215 209
3 57 10 223 145
3 157 77 223 195
3 138 100 222 195
3 7 139 220 223
3 87 0 208 28
3 0 0 203 185
3 0 113 127 223
3 0 1 109 128
3 92 0 115 24
3 0 0 67 212
3 26 186 169 223
3 6 0 41 46
3 125 0 180 21
3 0 76 20 157
3 138 170 223 223
3 95 0 184 24
3 29 179 195 223
3 0 139 19 166
3 49 181 154 223
3 136 0 194 26
3 82 0 212 39
3 0 146 167 223
3 77 0 102 22
3 0 22 23 87
3 7 82 108 223
3 0 26 18 56
3 145 0 188 23
3 108 13 223 147
3 108 0 129 24
3 13 0 35 28
3 173 70 223 209
3 15 174 60 219
3 0 119 17 153
3 116 0 223 223
3 3 13 39 66
3 0 89 24 151
3 0 91 16 149
3 106 0 196 33
3 0 38 18 71
3 0 21 21 60
3 1 11 18 38
3 121 125 221 202
3 153 0 182 24
3 0 40 25 101
3 155 177 212 223
3 97 179 223 220
3 103 0 199 47
3 0 109 16 160
3 0 73 24 135
3 138 0 167 24
3 58 41 223 176
3 130 64 212 185
3 27 0 50 26
3 15 164 63 211
3 17 0 223 117
3 37 0 125 211
3 181 176 223 223
3 0 60 21 145
3 0 29 22 111
3 81 2 96 21
3 0 99 19 143
3 0 13 26 70
3 109 111 223 187
3 19 16 170 172
3 48 37 148 206
3 156 12 223 223
3 87 67 151 172
3 0 55 25 118
3 2 112 38 161
3 0 33 28 171
3 38 0 205 30
3 0 54 18 85
3 141 74 223 170
3 0 10 56 105
3 13 6 34 35
3 170 0 194 25
3 7 31 77 146
3 3 150 77 223
3 78 0 217 108
3 0 43 22 128
3 197 169 223 223
3 1 0 138 110
3 3 174 50 221
3 0 51 20 91
3 0 29 17 82
3 0 103 22 165
3 28 124 223 210
3 0 129 39 174
3 0 152 18 173
3 109 0 171 27
3 28 0 115 23
3 74 0 204 50
3 176 0 191 24
3 1 163 49 211
3 3 27 36 85
3 121 147 221 219
3 28 2 49 39
3 0 17 17 67
3 202 177 223 219
3 33 81 141 223
3 70 0 109 22
3 116 0 164 17
3 0 163 60 223
3 0 168 123 223
3 0 84 20 125
3 34 157 168 223
3 20 0 56 53
3 0 0 223 52
3 38 185 144 215
3 1 44 45 187
3 11 180 143 223
3 83 59 196 223
3 37 3 207 41
3 206 171 223 223
3 0 72 18 101
3 0 6 58 75
3 96 6 112 23
3 82 121 223 223
3 123 0 148 23
3 160 0 175 22
3 9 153 105 219
3 88 1 115 17
3 0 3 52 43
3 130 3 223 166
3 32 0 47 47
3 0 63 57 170
3 3 5 76 112
3 1 11 43 144
3 82 0 122 28
3 0 34 32 137
3 6 96 110 171
3 0 58 74 223
3 158 100 223 221
3 73 53 166 216
3 0 32 59 141
3 0 132 50 170
3 0 6 20 41
3 0 20 48 121
3 0 0 51 30
3 0 135 60 223
3 188 0 212 24
3 3 96 40 147
3 0 68 20 107
3 20 167 55 223
3 0 0 173 125
3 0 3 22 80
3 119 92 223 181
3 51 197 150 223
3 0 19 51 60
3 95 92 223 206
3 23 178 52 216
3 0 44 17 97
3 131 178 210 220
3 4 56 80 179
3 118 0 155 22
3 161 53 223 163
3 106 90 207 223
3 143 36 223 176
3 0 0 223 75
3 50 0 96 20
3 4 42 36 101
3 0 0 48 87
3 0 76 16 132
3 2 0 146 29
3 2 139 35 165
3 38 132 189 223
3 16 90 223 181
3 0 0 58 59
3 200 153 223 216
3 105 1 134 17
3 80 6 97 22
3 1 2 78 78
3 202 164 223 206
4 79 26 188 217
4 92 6 179 184
4 1 64 54 115
4 193 67 210 109
4 115 3 162 134
4 147 61 193 206
4 69 39 157 220
4 85 15 164 220
4 0 80 55 115
4 61 62 183 219
4 121 7 156 75
4 197 76 223 107
4 4 88 44 116
4 11 60 60 115
4 123 9 154 104
4 0 61 73 115
4 60 124 90 207
4 0 0 223 223
4 198 87 223 110
4 204 85 223 107
4 3 74 47 102
4 122 0 168 147
4 111 7 162 170
4 195 65 219 112
4 100 2 171 145
4 195 72 216 106
4 0 54 57 122
4 94 44 147 218
4 115 7 160 94
4 2 60 56 96
4 192 62 213 112
4 105 10 186 207
4 66 7 206 223
4 10 62 45 88
4 148 41 190 180
4 54 119 95 211
4 0 76 25 104
4 195 82 214 108
4 125 50 197 207
4 3 93 47 113
4 192 63 208 99
4 116 1 176 117
4 83 18 199 169
4 97 10 147 188
4 0 85 21 112
4 0 72 64 102
4 108 24 163 146
4 4 59 46 119
4 126 10 149 51
4 159 63 194 201
4 43 77 58 102
4 58 95 166 221
4 123 16 149 71
4 206 68 222 98
4 0 69 22 93
4 0 78 55 96
4 154 64 185 152
4 13 64 49 81
4 92 1 158 119
4 114 22 183 153
4 57 114 119 211
4 198 78 217 98
4 189 71 223 109
4 195 76 212 110
4 190 89 223 111
4 124 30 146 82
4 98 40 170 166
4 24 72 53 109
4 195 80 220 97
4 83 77 154 212
4 43 77 203 211
4 0 86 223 223
4 131 24 174 181
4 9 76 58 114
4 23 86 54 114
4 95 44 147 164
4 205 70 223 110
4 107 41 158 213
4 13 88 57 114
4 190 78 223 117
4 156 76 185 193
4 0 69 36 112
4 131 11 161 101
4 151 69 189 142
4 66 102 142 217
4 99 0 148 139
4 0 65 23 87
4 141 55 194 162
4 22 63 53 89
4 59 52 217 197
4 14 94 53 112
4 100 59 196 223
4 0 90 28 114
4 93 26 155 154
4 9 74 40 110
4 104 7 166 101
4 202 65 222 91
4 12 68 37 95
4 0 63 31 116
4 128 7 144 28
4 56 53 138 218
4 90 0 156 173
4 27 81 50 112
4 41 71 61 104
4 190 47 213 104
4 131 48 177 208
4 27 68 51 95
4 127 50 145 87
4 141 61 165 147
4 17 73 58 102
4 0 0 223 151
4 89 51 154 192
4 128 24 144 82
4 128 49 178 158
4 5 54 48 107
4 126 8 150 41
4 192 60 214 143
4 12 85 35 114
4 63 132 81 207
4 128 69 144 102
4 130 9 162 76
4 1 99 17 118
4 0 0 151 223
4 113 201 134 222
4 172 61 194 152
4 123 4 169 94
4 68 78 89 97
4 0 71 51 108
4 101 21 169 116
4 63 90 105 212
4 0 81 35 117
4 95 63 171 209
4 0 66 113 108
4 115 54 190 188
4 80 43 131 218
4 193 67 218 125
4 168 64 192 175
4 121 21 200 180
4 195 54 223 101
4 82 0 186 130
4 138 26 157 62
4 125 39 148 73
4 140 37 157 75
4 121 23 159 83
4 137 80 197 202
4 75 1 144 215
4 201 105 223 121
4 120 35 157 104
4 0 67 18 112
4 46 6 178 223
4 159 75 174 104
4 121 5 152 61
4 68 120 96 207
4 124 21 151 61
4 31 67 65 109
4 0 61 64 87
4 192 66 212 91
4 15 69 57 120
4 0 81 86 119
4 0 76 35 101
4 0 57 139 120
4 37 103 184 220
4 200 42 223 104
4 0 88 70 114
4 35 80 57 95
4 135 17 161 120
4 151 81 189 156
4 90 102 146 219
4 44 39 223 223
4 96 57 174 146
4 179 73 196 102
4 113 58 128 85
4 113 60 189 147
4 39 76 62 101
4 206 79 222 115
4 123 39 149 133
4 173 64 196 116
4 128 3 195 200
4 138 71 170 137
4 103 10 213 184
4 3 35 66 123
4 0 80 16 119
4 42 69 60 88
4 188 51 215 163
4 196 72 223 128
4 0 54 223 179
4 92 3 158 82
4 58 145 91 208
4 172 71 223 107
4 156 71 181 102
4 41 89 59 109
4 127 4 146 22
4 13 54 57 106
4 0 107 164 223
4 55 122 155 208
4 0 74 29 123
4 0 104 20 122
4 112 44 186 135
4 67 94 92 110
4 151 69 208 196
