0 735.000000 149.000000 810.000000 296.000000
0 747.000000 168.000000 819.000000 311.000000
0 722.000000 164.000000 804.000000 305.000000
0 682.000000 221.000000 858.000000 374.000000
0 698.000000 183.000000 863.000000 358.000000
0 724.000000 181.000000 778.000000 315.000000
0 745.000000 152.000000 804.000000 269.000000
0 725.000000 0.000000 987.000000 374.000000
0 207.000000 0.000000 480.000000 309.000000
0 1053.000000 0.000000 1239.000000 347.000000
0 636.000000 0.000000 919.000000 374.000000
0 995.000000 0.000000 1239.000000 291.000000
0 669.000000 0.000000 899.000000 279.000000
0 138.000000 0.000000 424.000000 234.000000
0 0.000000 0.000000 205.000000 353.000000
0 456.000000 0.000000 681.000000 374.000000
0 554.000000 2.000000 813.000000 374.000000
0 129.000000 0.000000 391.000000 299.000000
0 819.000000 0.000000 1086.000000 364.000000
0 125.000000 263.000000 446.000000 374.000000
0 0.000000 0.000000 227.000000 255.000000
0 748.000000 0.000000 1015.000000 304.000000
0 891.000000 0.000000 1193.000000 282.000000
0 1054.000000 196.000000 1239.000000 374.000000
0 22.000000 0.000000 301.000000 359.000000
0 476.000000 0.000000 871.000000 287.000000
0 251.000000 0.000000 638.000000 374.000000
0 697.000000 143.000000 837.000000 348.000000
0 97.000000 0.000000 364.000000 248.000000
0 487.000000 0.000000 732.000000 362.000000
0 343.000000 0.000000 692.000000 374.000000
0 404.000000 80.000000 671.000000 374.000000
0 34.000000 0.000000 304.000000 251.000000
0 151.000000 0.000000 438.000000 374.000000
0 443.000000 191.000000 743.000000 374.000000
0 778.000000 0.000000 1034.000000 374.000000
0 571.000000 0.000000 853.000000 300.000000
0 161.000000 0.000000 490.000000 210.000000
0 627.000000 283.000000 1109.000000 374.000000
0 993.000000 167.000000 1239.000000 374.000000
0 85.000000 0.000000 382.000000 374.000000
0 486.000000 0.000000 796.000000 204.000000
0 326.000000 172.000000 638.000000 374.000000
0 409.000000 0.000000 793.000000 253.000000
0 0.000000 0.000000 146.000000 242.000000
0 239.000000 200.000000 648.000000 374.000000
0 0.000000 0.000000 125.000000 366.000000
0 703.000000 0.000000 976.000000 260.000000
0 128.000000 208.000000 467.000000 374.000000
0 385.000000 155.000000 697.000000 374.000000
0 445.000000 0.000000 707.000000 280.000000
0 485.000000 0.000000 764.000000 276.000000
0 633.000000 237.000000 1042.000000 374.000000
0 591.000000 264.000000 970.000000 374.000000
0 142.000000 148.000000 514.000000 374.000000
0 871.000000 0.000000 1167.000000 216.000000
0 259.000000 0.000000 497.000000 374.000000
0 465.000000 0.000000 729.000000 217.000000
0 500.000000 196.000000 795.000000 374.000000
0 396.000000 0.000000 655.000000 333.000000
0 585.000000 217.000000 892.000000 374.000000
0 837.000000 0.000000 1138.000000 271.000000
0 543.000000 0.000000 819.000000 255.000000
0 0.000000 0.000000 99.000000 290.000000
0 201.000000 0.000000 440.000000 198.000000
0 245.000000 145.000000 596.000000 374.000000
0 229.000000 256.000000 524.000000 374.000000
0 278.000000 234.000000 587.000000 374.000000
0 718.000000 267.000000 1087.000000 374.000000
0 625.000000 197.000000 954.000000 374.000000
0 661.000000 0.000000 959.000000 201.000000
0 335.000000 0.000000 631.000000 301.000000
0 45.000000 191.000000 348.000000 374.000000
0 306.000000 0.000000 544.000000 374.000000
0 890.000000 0.000000 1120.000000 317.000000
0 686.000000 211.000000 996.000000 374.000000
0 694.000000 0.000000 935.000000 330.000000
0 184.000000 0.000000 529.000000 374.000000
0 636.000000 157.000000 1043.000000 374.000000
0 73.000000 0.000000 337.000000 301.000000
0 1065.000000 100.000000 1239.000000 374.000000
0 82.000000 169.000000 390.000000 374.000000
0 790.000000 0.000000 1055.000000 269.000000
0 109.000000 231.000000 413.000000 374.000000
0 0.000000 192.000000 140.000000 374.000000
0 524.000000 50.000000 774.000000 374.000000
0 0.000000 120.000000 252.000000 374.000000
0 280.000000 0.000000 577.000000 291.000000
0 0.000000 176.000000 215.000000 374.000000
0 916.000000 0.000000 1214.000000 362.000000
0 412.000000 264.000000 765.000000 374.000000
0 963.000000 0.000000 1176.000000 322.000000
0 0.000000 221.000000 319.000000 374.000000
0 746.000000 0.000000 1130.000000 331.000000
0 580.000000 109.000000 896.000000 374.000000
0 932.000000 189.000000 1215.000000 374.000000
0 533.000000 120.000000 817.000000 374.000000
0 0.000000 76.000000 102.000000 374.000000
0 80.000000 0.000000 294.000000 180.000000
0 922.000000 137.000000 1185.000000 374.000000
0 229.000000 198.000000 509.000000 374.000000
0 855.000000 0.000000 1151.000000 374.000000
0 195.000000 0.000000 432.000000 272.000000
0 766.000000 109.000000 1012.000000 374.000000
0 57.000000 0.000000 262.000000 152.000000
0 0.000000 0.000000 60.000000 374.000000
0 0.000000 117.000000 158.000000 374.000000
0 791.000000 212.000000 1130.000000 374.000000
0 438.000000 129.000000 768.000000 374.000000
0 876.000000 229.000000 1144.000000 374.000000
0 624.000000 0.000000 868.000000 257.000000
0 0.000000 144.000000 119.000000 374.000000
0 832.000000 83.000000 1042.000000 374.000000
0 361.000000 0.000000 565.000000 355.000000
0 37.000000 98.000000 392.000000 374.000000
0 632.000000 0.000000 810.000000 308.000000
0 0.000000 64.000000 340.000000 374.000000
0 859.000000 117.000000 1156.000000 374.000000
0 0.000000 130.000000 82.000000 374.000000
0 732.000000 179.000000 1105.000000 374.000000
0 270.000000 158.000000 469.000000 374.000000
0 331.000000 99.000000 600.000000 374.000000
0 881.000000 0.000000 1065.000000 374.000000
0 555.000000 8.000000 718.000000 374.000000
0 131.000000 95.000000 349.000000 374.000000
0 615.000000 0.000000 787.000000 374.000000
0 1033.000000 0.000000 1239.000000 217.000000
0 955.000000 91.000000 1235.000000 374.000000
0 773.000000 0.000000 936.000000 374.000000
0 138.000000 0.000000 340.000000 357.000000
0 929.000000 0.000000 1106.000000 374.000000
0 1172.000000 106.000000 1239.000000 374.000000
0 323.000000 162.000000 548.000000 374.000000
0 56.000000 129.000000 313.000000 374.000000
0 260.000000 0.000000 478.000000 233.000000
0 276.000000 105.000000 554.000000 374.000000
0 654.000000 0.000000 861.000000 344.000000
0 28.000000 0.000000 214.000000 126.000000
0 199.000000 116.000000 478.000000 374.000000
0 163.000000 91.000000 402.000000 374.000000
0 311.000000 195.000000 516.000000 374.000000
0 252.000000 70.000000 455.000000 374.000000
0 51.000000 0.000000 260.000000 300.000000
0 810.000000 153.000000 1116.000000 374.000000
0 373.000000 40.000000 636.000000 374.000000
0 290.000000 0.000000 479.000000 319.000000
0 505.000000 124.000000 702.000000 374.000000
0 663.000000 69.000000 891.000000 374.000000
0 409.000000 181.000000 612.000000 374.000000
0 744.000000 83.000000 903.000000 374.000000
0 237.000000 0.000000 427.000000 374.000000
0 469.000000 109.000000 668.000000 374.000000
0 754.000000 0.000000 952.000000 177.000000
0 231.000000 166.000000 437.000000 374.000000
0 11.000000 0.000000 197.000000 98.000000
0 574.000000 0.000000 771.000000 315.000000
0 15.000000 54.000000 223.000000 374.000000
0 346.000000 0.000000 576.000000 241.000000
0 630.000000 197.000000 843.000000 374.000000
0 455.000000 51.000000 634.000000 374.000000
0 870.000000 179.000000 1080.000000 374.000000
0 725.000000 151.000000 920.000000 374.000000
0 788.000000 0.000000 984.000000 334.000000
0 599.000000 148.000000 820.000000 374.000000
0 96.000000 128.000000 273.000000 374.000000
0 495.000000 177.000000 673.000000 374.000000
0 701.000000 69.000000 1031.000000 374.000000
0 533.000000 0.000000 743.000000 239.000000
0 797.000000 0.000000 981.000000 217.000000
0 0.000000 0.000000 175.000000 141.000000
0 428.000000 157.000000 647.000000 374.000000
0 407.000000 0.000000 601.000000 374.000000
0 778.000000 102.000000 949.000000 374.000000
0 305.000000 82.000000 491.000000 374.000000
0 648.000000 138.000000 853.000000 374.000000
0 530.000000 139.000000 749.000000 374.000000
0 320.000000 0.000000 522.000000 289.000000
0 175.000000 175.000000 404.000000 374.000000
0 1133.000000 101.000000 1239.000000 374.000000
0 663.000000 15.000000 816.000000 374.000000
0 1083.000000 262.000000 1239.000000 374.000000
0 947.000000 76.000000 1133.000000 374.000000
0 218.000000 58.000000 399.000000 374.000000
0 583.000000 24.000000 751.000000 374.000000
0 101.000000 0.000000 299.000000 374.000000
0 991.000000 185.000000 1174.000000 374.000000
0 382.000000 147.000000 574.000000 374.000000
0 1015.000000 233.000000 1211.000000 374.000000
0 1025.000000 0.000000 1195.000000 336.000000
0 1119.000000 195.000000 1239.000000 374.000000
0 902.000000 141.000000 1104.000000 374.000000
0 280.000000 0.000000 507.000000 151.000000
0 578.000000 174.000000 777.000000 374.000000
0 735.000000 198.000000 946.000000 374.000000
0 616.000000 62.000000 857.000000 374.000000
0 1148.000000 0.000000 1239.000000 374.000000
0 418.000000 0.000000 616.000000 273.000000
0 1000.000000 92.000000 1185.000000 374.000000
0 836.000000 0.000000 1036.000000 224.000000
0 860.000000 0.000000 1084.000000 233.000000
0 296.000000 235.000000 476.000000 374.000000
0 937.000000 186.000000 1130.000000 374.000000
0 200.000000 98.000000 363.000000 374.000000
0 130.000000 147.000000 308.000000 374.000000
0 405.000000 0.000000 642.000000 189.000000
0 187.000000 241.000000 406.000000 374.000000
0 879.000000 109.000000 1058.000000 374.000000
0 811.000000 39.000000 1010.000000 374.000000
0 832.000000 0.000000 1023.000000 320.000000
0 913.000000 220.000000 1097.000000 374.000000
0 1182.000000 0.000000 1239.000000 331.000000
0 1094.000000 149.000000 1239.000000 374.000000
0 840.000000 200.000000 1028.000000 374.000000
0 916.000000 73.000000 1085.000000 374.000000
0 702.000000 231.000000 906.000000 374.000000
0 824.000000 156.000000 1004.000000 374.000000
0 149.000000 212.000000 356.000000 374.000000
0 977.000000 0.000000 1195.000000 252.000000
0 566.000000 103.000000 731.000000 374.000000
0 314.000000 0.000000 522.000000 183.000000
0 978.000000 241.000000 1168.000000 374.000000
0 785.000000 166.000000 983.000000 374.000000
0 717.000000 0.000000 899.000000 374.000000
0 1163.000000 226.000000 1239.000000 374.000000
0 980.000000 0.000000 1144.000000 374.000000
0 967.000000 140.000000 1153.000000 374.000000
0 1126.000000 287.000000 1239.000000 374.000000
0 53.000000 9.000000 235.000000 374.000000
0 234.000000 211.000000 414.000000 374.000000
0 333.000000 120.000000 509.000000 374.000000
0 512.000000 21.000000 692.000000 374.000000
0 1106.000000 56.000000 1239.000000 374.000000
0 1156.000000 0.000000 1239.000000 272.000000
0 513.000000 0.000000 719.000000 194.000000
0 1021.000000 63.000000 1225.000000 374.000000
0 900.000000 0.000000 1121.000000 149.000000
0 636.000000 281.000000 808.000000 374.000000
0 920.000000 0.000000 1132.000000 209.000000
0 940.000000 0.000000 1206.000000 180.000000
0 690.000000 127.000000 874.000000 374.000000
0 0.000000 236.000000 164.000000 374.000000
0 638.000000 88.000000 807.000000 374.000000
0 632.000000 237.000000 796.000000 374.000000
0 95.000000 223.000000 323.000000 374.000000
0 706.000000 57.000000 858.000000 374.000000
0 772.000000 210.000000 1016.000000 374.000000
0 58.000000 210.000000 280.000000 374.000000
0 351.000000 197.000000 576.000000 374.000000
0 631.000000 248.000000 854.000000 374.000000
0 672.000000 182.000000 892.000000 374.000000
0 44.000000 163.000000 253.000000 374.000000
0 184.000000 280.000000 372.000000 374.000000
0 1124.000000 0.000000 1239.000000 233.000000
0 182.000000 29.000000 372.000000 374.000000
0 650.000000 212.000000 812.000000 374.000000
0 1111.000000 0.000000 1239.000000 173.000000
0 1086.000000 0.000000 1239.000000 134.000000
0 623.000000 290.000000 882.000000 374.000000
0 726.000000 195.000000 836.000000 340.000000
0 730.000000 148.000000 831.000000 269.000000
0 590.000000 281.000000 732.000000 374.000000
0 0.000000 246.000000 66.000000 374.000000
0 995.000000 267.000000 1146.000000 374.000000
0 713.000000 195.000000 806.000000 335.000000
0 750.000000 140.000000 818.000000 242.000000
0 558.000000 281.000000 709.000000 374.000000
0 1028.000000 289.000000 1186.000000 374.000000
0 240.000000 266.000000 389.000000 374.000000
0 261.000000 280.000000 416.000000 374.000000
0 732.000000 283.000000 888.000000 374.000000
0 471.000000 289.000000 628.000000 374.000000
0 443.000000 278.000000 605.000000 374.000000
0 1063.000000 301.000000 1223.000000 374.000000
0 965.000000 261.000000 1125.000000 374.000000
0 761.000000 288.000000 916.000000 374.000000
0 751.000000 166.000000 802.000000 257.000000
0 731.000000 178.000000 803.000000 288.000000
0 752.000000 183.000000 836.000000 331.000000
0 279.000000 290.000000 439.000000 374.000000
0 803.000000 292.000000 952.000000 374.000000
0 0.000000 257.000000 93.000000 374.000000
0 421.000000 295.000000 593.000000 374.000000
0 699.000000 292.000000 857.000000 374.000000
0 499.000000 297.000000 657.000000 374.000000
0 472.000000 250.000000 631.000000 374.000000
0 129.000000 274.000000 291.000000 374.000000
0 1138.000000 245.000000 1239.000000 374.000000
0 36.000000 275.000000 192.000000 374.000000
0 936.000000 259.000000 1098.000000 374.000000
0 835.000000 287.000000 994.000000 374.000000
0 175.000000 275.000000 324.000000 374.000000
0 0.000000 0.000000 94.000000 193.000000
0 103.000000 270.000000 259.000000 374.000000
0 293.000000 306.000000 457.000000 374.000000
0 770.000000 205.000000 820.000000 312.000000
0 65.000000 274.000000 225.000000 374.000000
0 0.000000 0.000000 88.000000 126.000000
0 687.000000 257.000000 885.000000 374.000000
0 0.000000 273.000000 130.000000 374.000000
0 753.000000 169.000000 814.000000 279.000000